2
v(1)
v(2)
 0.000000e+000

0.000000e+000
0.000000e+000
 1.000000e-010

2.500000e-001
2.272727e-002
 2.000000e-010

5.000000e-001
6.611570e-002
 3.000000e-010

7.500000e-001
1.282870e-001
 4.000000e-010

1.000000e+000
2.075336e-001
 5.000000e-010

1.250000e+000
3.023033e-001
 6.000000e-010

1.500000e+000
4.111848e-001
 7.000000e-010

1.750000e+000
5.328953e-001
 8.000000e-010

2.000000e+000
6.662685e-001
 9.000000e-010

2.250000e+000
8.102440e-001
 1.000000e-009

2.500000e+000
9.638582e-001
 1.100000e-009

2.750000e+000
1.126235e+000
 1.200000e-009

3.000000e+000
1.296577e+000
 1.300000e-009

3.250000e+000
1.474161e+000
 1.400000e-009

3.500000e+000
1.658328e+000
 1.500000e-009

3.750000e+000
1.848480e+000
 1.600000e-009

4.000000e+000
2.044073e+000
 1.700000e-009

4.250000e+000
2.244612e+000
 1.800000e-009

4.500000e+000
2.449647e+000
 1.900000e-009

4.750000e+000
2.658770e+000
 2.000000e-009

5.000000e+000
2.871609e+000
 2.100000e-009

5.000000e+000
3.065099e+000
 2.200000e-009

5.000000e+000
3.240999e+000
 2.300000e-009

5.000000e+000
3.400908e+000
 2.400000e-009

5.000000e+000
3.546280e+000
 2.500000e-009

5.000000e+000
3.678437e+000
 2.600000e-009

5.000000e+000
3.798579e+000
 2.700000e-009

5.000000e+000
3.907799e+000
 2.800000e-009

5.000000e+000
4.007090e+000
 2.900000e-009

5.000000e+000
4.097354e+000
 3.000000e-009

5.000000e+000
4.179413e+000
 3.100000e-009

5.000000e+000
4.254012e+000
 3.200000e-009

5.000000e+000
4.321829e+000
 3.300000e-009

5.000000e+000
4.383481e+000
 3.400000e-009

5.000000e+000
4.439528e+000
 3.500000e-009

5.000000e+000
4.490480e+000
 3.600000e-009

5.000000e+000
4.536800e+000
 3.700000e-009

5.000000e+000
4.578909e+000
 3.800000e-009

5.000000e+000
4.617190e+000
 3.900000e-009

5.000000e+000
4.651991e+000
 4.000000e-009

5.000000e+000
4.683628e+000
 4.100000e-009

5.000000e+000
4.712389e+000
 4.200000e-009

5.000000e+000
4.738536e+000
 4.300000e-009

5.000000e+000
4.762305e+000
 4.400000e-009

5.000000e+000
4.783914e+000
 4.500000e-009

5.000000e+000
4.803558e+000
 4.600000e-009

5.000000e+000
4.821416e+000
 4.700000e-009

5.000000e+000
4.837651e+000
 4.800000e-009

5.000000e+000
4.852410e+000
 4.900000e-009

5.000000e+000
4.865827e+000
 5.000000e-009

5.000000e+000
4.878025e+000
 5.100000e-009

5.000000e+000
4.889114e+000
 5.200000e-009

5.000000e+000
4.899194e+000
 5.300000e-009

5.000000e+000
4.908358e+000
 5.400000e-009

5.000000e+000
4.916689e+000
 5.500000e-009

5.000000e+000
4.924263e+000
 5.600000e-009

5.000000e+000
4.931148e+000
 5.700000e-009

5.000000e+000
4.937408e+000
 5.800000e-009

5.000000e+000
4.943098e+000
 5.900000e-009

5.000000e+000
4.948271e+000
 6.000000e-009

5.000000e+000
4.952973e+000
 6.100000e-009

5.000000e+000
4.957249e+000
 6.200000e-009

5.000000e+000
4.961135e+000
 6.300000e-009

5.000000e+000
4.964668e+000
 6.400000e-009

5.000000e+000
4.967880e+000
 6.500000e-009

5.000000e+000
4.970800e+000
 6.600000e-009

5.000000e+000
4.973455e+000
 6.700000e-009

5.000000e+000
4.975868e+000
 6.800000e-009

5.000000e+000
4.978062e+000
 6.900000e-009

5.000000e+000
4.980056e+000
 7.000000e-009

5.000000e+000
4.981869e+000
 7.100000e-009

5.000000e+000
4.983517e+000
 7.200000e-009

5.000000e+000
4.985016e+000
 7.300000e-009

5.000000e+000
4.986378e+000
 7.400000e-009

5.000000e+000
4.987616e+000
 7.500000e-009

5.000000e+000
4.988742e+000
 7.600000e-009

5.000000e+000
4.989766e+000
 7.700000e-009

5.000000e+000
4.990696e+000
 7.800000e-009

5.000000e+000
4.991542e+000
 7.900000e-009

5.000000e+000
4.992311e+000
 8.000000e-009

5.000000e+000
4.993010e+000
 8.100000e-009

5.000000e+000
4.993645e+000
 8.200000e-009

5.000000e+000
4.994223e+000
 8.300000e-009

5.000000e+000
4.994748e+000
 8.400000e-009

5.000000e+000
4.995226e+000
 8.500000e-009

5.000000e+000
4.995660e+000
 8.600000e-009

5.000000e+000
4.996054e+000
 8.700000e-009

5.000000e+000
4.996413e+000
 8.800000e-009

5.000000e+000
4.996739e+000
 8.900000e-009

5.000000e+000
4.997035e+000
 9.000000e-009

5.000000e+000
4.997305e+000
 9.100000e-009

5.000000e+000
4.997550e+000
 9.200000e-009

5.000000e+000
4.997773e+000
 9.300000e-009

5.000000e+000
4.997975e+000
 9.400000e-009

5.000000e+000
4.998159e+000
 9.500000e-009

5.000000e+000
4.998327e+000
 9.600000e-009

5.000000e+000
4.998479e+000
 9.700000e-009

5.000000e+000
4.998617e+000
 9.800000e-009

5.000000e+000
4.998743e+000
 9.900000e-009

5.000000e+000
4.998857e+000
 1.000000e-008

5.000000e+000
4.998961e+000
 1.010000e-008

5.000000e+000
4.999055e+000
 1.020000e-008

5.000000e+000
4.999141e+000
 1.030000e-008

5.000000e+000
4.999219e+000
 1.040000e-008

5.000000e+000
4.999290e+000
 1.050000e-008

5.000000e+000
4.999355e+000
 1.060000e-008

5.000000e+000
4.999413e+000
 1.070000e-008

5.000000e+000
4.999467e+000
 1.080000e-008

5.000000e+000
4.999515e+000
 1.090000e-008

5.000000e+000
4.999559e+000
 1.100000e-008

5.000000e+000
4.999599e+000
 1.110000e-008

5.000000e+000
4.999636e+000
 1.120000e-008

5.000000e+000
4.999669e+000
 1.130000e-008

5.000000e+000
4.999699e+000
 1.140000e-008

5.000000e+000
4.999726e+000
 1.150000e-008

5.000000e+000
4.999751e+000
 1.160000e-008

5.000000e+000
4.999774e+000
 1.170000e-008

5.000000e+000
4.999794e+000
 1.180000e-008

5.000000e+000
4.999813e+000
 1.190000e-008

5.000000e+000
4.999830e+000
 1.200000e-008

5.000000e+000
4.999846e+000
 1.210000e-008

4.750000e+000
4.977132e+000
 1.220000e-008

4.500000e+000
4.933757e+000
 1.230000e-008

4.250000e+000
4.871597e+000
 1.240000e-008

4.000000e+000
4.792361e+000
 1.250000e-008

3.750000e+000
4.697601e+000
 1.260000e-008

3.500000e+000
4.588728e+000
 1.270000e-008

3.250000e+000
4.467025e+000
 1.280000e-008

3.000000e+000
4.333659e+000
 1.290000e-008

2.750000e+000
4.189690e+000
 1.300000e-008

2.500000e+000
4.036082e+000
 1.310000e-008

2.250000e+000
3.873711e+000
 1.320000e-008

2.000000e+000
3.703374e+000
 1.330000e-008

1.750000e+000
3.525794e+000
 1.340000e-008

1.500000e+000
3.341631e+000
 1.350000e-008

1.250000e+000
3.151483e+000
 1.360000e-008

1.000000e+000
2.955894e+000
 1.370000e-008

7.500000e-001
2.755358e+000
 1.380000e-008

5.000000e-001
2.550325e+000
 1.390000e-008

2.500000e-001
2.341205e+000
 1.400000e-008

1.127987e-013
2.128368e+000
 1.410000e-008

0.000000e+000
1.934880e+000
 1.420000e-008

0.000000e+000
1.758982e+000
 1.430000e-008

0.000000e+000
1.599074e+000
 1.440000e-008

0.000000e+000
1.453704e+000
 1.450000e-008

0.000000e+000
1.321549e+000
 1.460000e-008

0.000000e+000
1.201408e+000
 1.470000e-008

0.000000e+000
1.092189e+000
 1.480000e-008

0.000000e+000
9.928994e-001
 1.490000e-008

0.000000e+000
9.026358e-001
 1.500000e-008

0.000000e+000
8.205780e-001
 1.510000e-008

0.000000e+000
7.459800e-001
 1.520000e-008

0.000000e+000
6.781636e-001
 1.530000e-008

0.000000e+000
6.165124e-001
 1.540000e-008

0.000000e+000
5.604658e-001
 1.550000e-008

0.000000e+000
5.095144e-001
 1.560000e-008

0.000000e+000
4.631949e-001
 1.570000e-008

0.000000e+000
4.210863e-001
 1.580000e-008

0.000000e+000
3.828057e-001
 1.590000e-008

0.000000e+000
3.480052e-001
 1.600000e-008

0.000000e+000
3.163683e-001
 1.610000e-008

0.000000e+000
2.876076e-001
 1.620000e-008

0.000000e+000
2.614614e-001
 1.630000e-008

0.000000e+000
2.376922e-001
 1.640000e-008

0.000000e+000
2.160838e-001
 1.650000e-008

0.000000e+000
1.964398e-001
 1.660000e-008

0.000000e+000
1.785817e-001
 1.670000e-008

0.000000e+000
1.623470e-001
 1.680000e-008

0.000000e+000
1.475882e-001
 1.690000e-008

0.000000e+000
1.341711e-001
 1.700000e-008

0.000000e+000
1.219737e-001
 1.710000e-008

0.000000e+000
1.108852e-001
 1.720000e-008

0.000000e+000
1.008047e-001
 1.730000e-008

0.000000e+000
9.164064e-002
 1.740000e-008

0.000000e+000
8.330967e-002
 1.750000e-008

0.000000e+000
7.573606e-002
 1.760000e-008

0.000000e+000
6.885097e-002
 1.770000e-008

0.000000e+000
6.259179e-002
 1.780000e-008

0.000000e+000
5.690163e-002
 1.790000e-008

0.000000e+000
5.172875e-002
 1.800000e-008

0.000000e+000
4.702614e-002
 1.810000e-008

0.000000e+000
4.275103e-002
 1.820000e-008

0.000000e+000
3.886458e-002
 1.830000e-008

0.000000e+000
3.533143e-002
 1.840000e-008

0.000000e+000
3.211948e-002
 1.850000e-008

0.000000e+000
2.919953e-002
 1.860000e-008

0.000000e+000
2.654503e-002
 1.870000e-008

0.000000e+000
2.413184e-002
 1.880000e-008

0.000000e+000
2.193804e-002
 1.890000e-008

0.000000e+000
1.994367e-002
 1.900000e-008

0.000000e+000
1.813061e-002
 1.910000e-008

0.000000e+000
1.648237e-002
 1.920000e-008

0.000000e+000
1.498398e-002
 1.930000e-008

0.000000e+000
1.362180e-002
 1.940000e-008

0.000000e+000
1.238345e-002
 1.950000e-008

0.000000e+000
1.125768e-002
 1.960000e-008

0.000000e+000
1.023426e-002
 1.970000e-008

0.000000e+000
9.303871e-003
 1.980000e-008

0.000000e+000
8.458064e-003
 1.990000e-008

0.000000e+000
7.689149e-003
 2.000000e-008

0.000000e+000
6.990136e-003
 2.010000e-008

2.500000e-001
2.908194e-002
 2.020000e-008

5.000000e-001
7.189267e-002
 2.030000e-008

7.500000e-001
1.335388e-001
 2.040000e-008

1.000000e+000
2.123080e-001
 2.050000e-008

1.250000e+000
3.066436e-001
 2.060000e-008

1.500000e+000
4.151306e-001
 2.070000e-008

1.750000e+000
5.364823e-001
 2.080000e-008

2.000000e+000
6.695294e-001
 2.090000e-008

2.250000e+000
8.132085e-001
 2.100000e-008

2.500000e+000
9.665532e-001
 2.110000e-008

2.750000e+000
1.128685e+000
 2.120000e-008

3.000000e+000
1.298804e+000
 2.130000e-008

3.250000e+000
1.476186e+000
 2.140000e-008

3.500000e+000
1.660169e+000
 2.150000e-008

3.750000e+000
1.850154e+000
 2.160000e-008

4.000000e+000
2.045594e+000
 2.170000e-008

4.250000e+000
2.245995e+000
 2.180000e-008

4.500000e+000
2.450904e+000
 2.190000e-008

4.750000e+000
2.659913e+000
 2.200000e-008

5.000000e+000
2.872648e+000
 2.210000e-008

5.000000e+000
3.066044e+000
 2.220000e-008

5.000000e+000
3.241858e+000
 2.230000e-008

5.000000e+000
3.401689e+000
 2.240000e-008

5.000000e+000
3.546990e+000
 2.250000e-008

5.000000e+000
3.679082e+000
 2.260000e-008

5.000000e+000
3.799165e+000
 2.270000e-008

5.000000e+000
3.908332e+000
 2.280000e-008

5.000000e+000
4.007575e+000
 2.290000e-008

5.000000e+000
4.097795e+000
 2.300000e-008

5.000000e+000
4.179814e+000
 2.310000e-008

5.000000e+000
4.254376e+000
 2.320000e-008

5.000000e+000
4.322160e+000
 2.330000e-008

5.000000e+000
4.383782e+000
 2.340000e-008

5.000000e+000
4.439802e+000
 2.350000e-008

5.000000e+000
4.490729e+000
 2.360000e-008

5.000000e+000
4.537026e+000
 2.370000e-008

5.000000e+000
4.579115e+000
 2.380000e-008

5.000000e+000
4.617377e+000
 2.390000e-008

5.000000e+000
4.652161e+000
 2.400000e-008

5.000000e+000
4.683783e+000
 2.410000e-008

5.000000e+000
4.712530e+000
 2.420000e-008

5.000000e+000
4.738663e+000
 2.430000e-008

5.000000e+000
4.762421e+000
 2.440000e-008

5.000000e+000
4.784019e+000
 2.450000e-008

5.000000e+000
4.803654e+000
 2.460000e-008

5.000000e+000
4.821504e+000
 2.470000e-008

5.000000e+000
4.837731e+000
 2.480000e-008

5.000000e+000
4.852482e+000
 2.490000e-008

5.000000e+000
4.865893e+000
 2.500000e-008

5.000000e+000
4.878085e+000
 2.510000e-008

5.000000e+000
4.889168e+000
 2.520000e-008

5.000000e+000
4.899243e+000
 2.530000e-008

5.000000e+000
4.908403e+000
 2.540000e-008

5.000000e+000
4.916730e+000
 2.550000e-008

5.000000e+000
4.924300e+000
 2.560000e-008

5.000000e+000
4.931182e+000
 2.570000e-008

5.000000e+000
4.937438e+000
 2.580000e-008

5.000000e+000
4.943126e+000
 2.590000e-008

5.000000e+000
4.948296e+000
 2.600000e-008

5.000000e+000
4.952996e+000
 2.610000e-008

5.000000e+000
4.957269e+000
 2.620000e-008

5.000000e+000
4.961154e+000
 2.630000e-008

5.000000e+000
4.964685e+000
 2.640000e-008

5.000000e+000
4.967896e+000
 2.650000e-008

5.000000e+000
4.970814e+000
 2.660000e-008

5.000000e+000
4.973468e+000
 2.670000e-008

5.000000e+000
4.975880e+000
 2.680000e-008

5.000000e+000
4.978072e+000
 2.690000e-008

5.000000e+000
4.980066e+000
 2.700000e-008

5.000000e+000
4.981878e+000
 2.710000e-008

5.000000e+000
4.983525e+000
 2.720000e-008

5.000000e+000
4.985023e+000
 2.730000e-008

5.000000e+000
4.986385e+000
 2.740000e-008

5.000000e+000
4.987622e+000
 2.750000e-008

5.000000e+000
4.988748e+000
 2.760000e-008

5.000000e+000
4.989771e+000
 2.770000e-008

5.000000e+000
4.990701e+000
 2.780000e-008

5.000000e+000
4.991546e+000
 2.790000e-008

5.000000e+000
4.992315e+000
 2.800000e-008

5.000000e+000
4.993013e+000
 2.810000e-008

5.000000e+000
4.993648e+000
 2.820000e-008

5.000000e+000
4.994226e+000
 2.830000e-008

5.000000e+000
4.994751e+000
 2.840000e-008

5.000000e+000
4.995228e+000
 2.850000e-008

5.000000e+000
4.995662e+000
 2.860000e-008

5.000000e+000
4.996056e+000
 2.870000e-008

5.000000e+000
4.996415e+000
 2.880000e-008

5.000000e+000
4.996741e+000
 2.890000e-008

5.000000e+000
4.997037e+000
 2.900000e-008

5.000000e+000
4.997306e+000
 2.910000e-008

5.000000e+000
4.997551e+000
 2.920000e-008

5.000000e+000
4.997774e+000
 2.930000e-008

5.000000e+000
4.997976e+000
 2.940000e-008

5.000000e+000
4.998160e+000
 2.950000e-008

5.000000e+000
4.998327e+000
 2.960000e-008

5.000000e+000
4.998479e+000
 2.970000e-008

5.000000e+000
4.998618e+000
 2.980000e-008

5.000000e+000
4.998743e+000
 2.990000e-008

5.000000e+000
4.998858e+000
 3.000000e-008

5.000000e+000
4.998961e+000
 3.010000e-008

5.000000e+000
4.999056e+000
 3.020000e-008

5.000000e+000
4.999142e+000
 3.030000e-008

5.000000e+000
4.999220e+000
 3.040000e-008

5.000000e+000
4.999291e+000
 3.050000e-008

5.000000e+000
4.999355e+000
 3.060000e-008

5.000000e+000
4.999414e+000
 3.070000e-008

5.000000e+000
4.999467e+000
 3.080000e-008

5.000000e+000
4.999516e+000
 3.090000e-008

5.000000e+000
4.999560e+000
 3.100000e-008

5.000000e+000
4.999600e+000
 3.110000e-008

5.000000e+000
4.999636e+000
 3.120000e-008

5.000000e+000
4.999669e+000
 3.130000e-008

5.000000e+000
4.999699e+000
 3.140000e-008

5.000000e+000
4.999727e+000
 3.150000e-008

5.000000e+000
4.999751e+000
 3.160000e-008

5.000000e+000
4.999774e+000
 3.170000e-008

5.000000e+000
4.999795e+000
 3.180000e-008

5.000000e+000
4.999813e+000
 3.190000e-008

5.000000e+000
4.999830e+000
 3.200000e-008

5.000000e+000
4.999846e+000
 3.210000e-008

4.750000e+000
4.977132e+000
 3.220000e-008

4.500000e+000
4.933757e+000
 3.230000e-008

4.250000e+000
4.871597e+000
 3.240000e-008

4.000000e+000
4.792361e+000
 3.250000e-008

3.750000e+000
4.697601e+000
 3.260000e-008

3.500000e+000
4.588728e+000
 3.270000e-008

3.250000e+000
4.467025e+000
 3.280000e-008

3.000000e+000
4.333660e+000
 3.290000e-008

2.750000e+000
4.189690e+000
 3.300000e-008

2.500000e+000
4.036082e+000
 3.310000e-008

2.250000e+000
3.873711e+000
 3.320000e-008

2.000000e+000
3.703374e+000
 3.330000e-008

1.750000e+000
3.525794e+000
 3.340000e-008

1.500000e+000
3.341631e+000
 3.350000e-008

1.250000e+000
3.151483e+000
 3.360000e-008

1.000000e+000
2.955894e+000
 3.370000e-008

7.500000e-001
2.755358e+000
 3.380000e-008

5.000000e-001
2.550325e+000
 3.390000e-008

2.500000e-001
2.341205e+000
 3.400000e-008

0.000000e+000
2.128368e+000
 3.410000e-008

0.000000e+000
1.934880e+000
 3.420000e-008

0.000000e+000
1.758982e+000
 3.430000e-008

0.000000e+000
1.599074e+000
 3.440000e-008

0.000000e+000
1.453704e+000
 3.450000e-008

0.000000e+000
1.321549e+000
 3.460000e-008

0.000000e+000
1.201408e+000
 3.470000e-008

0.000000e+000
1.092189e+000
 3.480000e-008

0.000000e+000
9.928994e-001
 3.490000e-008

0.000000e+000
9.026358e-001
 3.500000e-008

0.000000e+000
8.205780e-001
 3.510000e-008

0.000000e+000
7.459800e-001
 3.520000e-008

0.000000e+000
6.781636e-001
 3.530000e-008

0.000000e+000
6.165124e-001
 3.540000e-008

0.000000e+000
5.604658e-001
 3.550000e-008

0.000000e+000
5.095144e-001
 3.560000e-008

0.000000e+000
4.631949e-001
 3.570000e-008

0.000000e+000
4.210863e-001
 3.580000e-008

0.000000e+000
3.828057e-001
 3.590000e-008

0.000000e+000
3.480052e-001
 3.600000e-008

0.000000e+000
3.163683e-001
 3.610000e-008

0.000000e+000
2.876076e-001
 3.620000e-008

0.000000e+000
2.614614e-001
 3.630000e-008

0.000000e+000
2.376922e-001
 3.640000e-008

0.000000e+000
2.160838e-001
 3.650000e-008

0.000000e+000
1.964398e-001
 3.660000e-008

0.000000e+000
1.785817e-001
 3.670000e-008

0.000000e+000
1.623470e-001
 3.680000e-008

0.000000e+000
1.475882e-001
 3.690000e-008

0.000000e+000
1.341711e-001
 3.700000e-008

0.000000e+000
1.219737e-001
 3.710000e-008

0.000000e+000
1.108852e-001
 3.720000e-008

0.000000e+000
1.008047e-001
 3.730000e-008

0.000000e+000
9.164064e-002
 3.740000e-008

0.000000e+000
8.330967e-002
 3.750000e-008

0.000000e+000
7.573606e-002
 3.760000e-008

0.000000e+000
6.885097e-002
 3.770000e-008

0.000000e+000
6.259179e-002
 3.780000e-008

0.000000e+000
5.690163e-002
 3.790000e-008

0.000000e+000
5.172875e-002
 3.800000e-008

0.000000e+000
4.702614e-002
 3.810000e-008

0.000000e+000
4.275103e-002
 3.820000e-008

0.000000e+000
3.886458e-002
 3.830000e-008

0.000000e+000
3.533143e-002
 3.840000e-008

0.000000e+000
3.211948e-002
 3.850000e-008

0.000000e+000
2.919953e-002
 3.860000e-008

0.000000e+000
2.654503e-002
 3.870000e-008

0.000000e+000
2.413184e-002
 3.880000e-008

0.000000e+000
2.193804e-002
 3.890000e-008

0.000000e+000
1.994367e-002
 3.900000e-008

0.000000e+000
1.813061e-002
 3.910000e-008

0.000000e+000
1.648237e-002
 3.920000e-008

0.000000e+000
1.498398e-002
 3.930000e-008

0.000000e+000
1.362180e-002
 3.940000e-008

0.000000e+000
1.238345e-002
 3.950000e-008

0.000000e+000
1.125768e-002
 3.960000e-008

0.000000e+000
1.023426e-002
 3.970000e-008

0.000000e+000
9.303871e-003
 3.980000e-008

0.000000e+000
8.458064e-003
 3.990000e-008

0.000000e+000
7.689149e-003
 4.000000e-008

4.301339e-013
6.990136e-003
 4.010000e-008

2.500000e-001
2.908194e-002
 4.020000e-008

5.000000e-001
7.189267e-002
 4.030000e-008

7.500000e-001
1.335388e-001
 4.040000e-008

1.000000e+000
2.123080e-001
 4.050000e-008

1.250000e+000
3.066436e-001
 4.060000e-008

1.500000e+000
4.151306e-001
 4.070000e-008

1.750000e+000
5.364823e-001
 4.080000e-008

2.000000e+000
6.695294e-001
 4.090000e-008

2.250000e+000
8.132085e-001
 4.100000e-008

2.500000e+000
9.665532e-001
 4.110000e-008

2.750000e+000
1.128685e+000
 4.120000e-008

3.000000e+000
1.298804e+000
 4.130000e-008

3.250000e+000
1.476186e+000
 4.140000e-008

3.500000e+000
1.660169e+000
 4.150000e-008

3.750000e+000
1.850154e+000
 4.160000e-008

4.000000e+000
2.045594e+000
 4.170000e-008

4.250000e+000
2.245995e+000
 4.180000e-008

4.500000e+000
2.450904e+000
 4.190000e-008

4.750000e+000
2.659913e+000
 4.200000e-008

5.000000e+000
2.872648e+000
 4.210000e-008

5.000000e+000
3.066044e+000
 4.220000e-008

5.000000e+000
3.241858e+000
 4.230000e-008

5.000000e+000
3.401689e+000
 4.240000e-008

5.000000e+000
3.546990e+000
 4.250000e-008

5.000000e+000
3.679082e+000
 4.260000e-008

5.000000e+000
3.799165e+000
 4.270000e-008

5.000000e+000
3.908332e+000
 4.280000e-008

5.000000e+000
4.007575e+000
 4.290000e-008

5.000000e+000
4.097795e+000
 4.300000e-008

5.000000e+000
4.179814e+000
 4.310000e-008

5.000000e+000
4.254376e+000
 4.320000e-008

5.000000e+000
4.322160e+000
 4.330000e-008

5.000000e+000
4.383782e+000
 4.340000e-008

5.000000e+000
4.439802e+000
 4.350000e-008

5.000000e+000
4.490729e+000
 4.360000e-008

5.000000e+000
4.537026e+000
 4.370000e-008

5.000000e+000
4.579115e+000
 4.380000e-008

5.000000e+000
4.617377e+000
 4.390000e-008

5.000000e+000
4.652161e+000
 4.400000e-008

5.000000e+000
4.683783e+000
 4.410000e-008

5.000000e+000
4.712530e+000
 4.420000e-008

5.000000e+000
4.738663e+000
 4.430000e-008

5.000000e+000
4.762421e+000
 4.440000e-008

5.000000e+000
4.784019e+000
 4.450000e-008

5.000000e+000
4.803654e+000
 4.460000e-008

5.000000e+000
4.821504e+000
 4.470000e-008

5.000000e+000
4.837731e+000
 4.480000e-008

5.000000e+000
4.852482e+000
 4.490000e-008

5.000000e+000
4.865893e+000
 4.500000e-008

5.000000e+000
4.878085e+000
 4.510000e-008

5.000000e+000
4.889168e+000
 4.520000e-008

5.000000e+000
4.899243e+000
 4.530000e-008

5.000000e+000
4.908403e+000
 4.540000e-008

5.000000e+000
4.916730e+000
 4.550000e-008

5.000000e+000
4.924300e+000
 4.560000e-008

5.000000e+000
4.931182e+000
 4.570000e-008

5.000000e+000
4.937438e+000
 4.580000e-008

5.000000e+000
4.943126e+000
 4.590000e-008

5.000000e+000
4.948296e+000
 4.600000e-008

5.000000e+000
4.952996e+000
 4.610000e-008

5.000000e+000
4.957269e+000
 4.620000e-008

5.000000e+000
4.961154e+000
 4.630000e-008

5.000000e+000
4.964685e+000
 4.640000e-008

5.000000e+000
4.967896e+000
 4.650000e-008

5.000000e+000
4.970814e+000
 4.660000e-008

5.000000e+000
4.973468e+000
 4.670000e-008

5.000000e+000
4.975880e+000
 4.680000e-008

5.000000e+000
4.978072e+000
 4.690000e-008

5.000000e+000
4.980066e+000
 4.700000e-008

5.000000e+000
4.981878e+000
 4.710000e-008

5.000000e+000
4.983525e+000
 4.720000e-008

5.000000e+000
4.985023e+000
 4.730000e-008

5.000000e+000
4.986385e+000
 4.740000e-008

5.000000e+000
4.987622e+000
 4.750000e-008

5.000000e+000
4.988748e+000
 4.760000e-008

5.000000e+000
4.989771e+000
 4.770000e-008

5.000000e+000
4.990701e+000
 4.780000e-008

5.000000e+000
4.991546e+000
 4.790000e-008

5.000000e+000
4.992315e+000
 4.800000e-008

5.000000e+000
4.993013e+000
 4.810000e-008

5.000000e+000
4.993648e+000
 4.820000e-008

5.000000e+000
4.994226e+000
 4.830000e-008

5.000000e+000
4.994751e+000
 4.840000e-008

5.000000e+000
4.995228e+000
 4.850000e-008

5.000000e+000
4.995662e+000
 4.860000e-008

5.000000e+000
4.996056e+000
 4.870000e-008

5.000000e+000
4.996415e+000
 4.880000e-008

5.000000e+000
4.996741e+000
 4.890000e-008

5.000000e+000
4.997037e+000
 4.900000e-008

5.000000e+000
4.997306e+000
 4.910000e-008

5.000000e+000
4.997551e+000
 4.920000e-008

5.000000e+000
4.997774e+000
 4.930000e-008

5.000000e+000
4.997976e+000
 4.940000e-008

5.000000e+000
4.998160e+000
 4.950000e-008

5.000000e+000
4.998327e+000
 4.960000e-008

5.000000e+000
4.998479e+000
 4.970000e-008

5.000000e+000
4.998618e+000
 4.980000e-008

5.000000e+000
4.998743e+000
 4.990000e-008

5.000000e+000
4.998858e+000
 5.000000e-008

5.000000e+000
4.998961e+000
 5.010000e-008

5.000000e+000
4.999056e+000
 5.020000e-008

5.000000e+000
4.999142e+000
 5.030000e-008

5.000000e+000
4.999220e+000
 5.040000e-008

5.000000e+000
4.999291e+000
 5.050000e-008

5.000000e+000
4.999355e+000
 5.060000e-008

5.000000e+000
4.999414e+000
 5.070000e-008

5.000000e+000
4.999467e+000
 5.080000e-008

5.000000e+000
4.999516e+000
 5.090000e-008

5.000000e+000
4.999560e+000
 5.100000e-008

5.000000e+000
4.999600e+000
 5.110000e-008

5.000000e+000
4.999636e+000
 5.120000e-008

5.000000e+000
4.999669e+000
 5.130000e-008

5.000000e+000
4.999699e+000
 5.140000e-008

5.000000e+000
4.999727e+000
 5.150000e-008

5.000000e+000
4.999751e+000
 5.160000e-008

5.000000e+000
4.999774e+000
 5.170000e-008

5.000000e+000
4.999795e+000
 5.180000e-008

5.000000e+000
4.999813e+000
 5.190000e-008

5.000000e+000
4.999830e+000
 5.200000e-008

5.000000e+000
4.999846e+000
 5.210000e-008

4.750000e+000
4.977132e+000
 5.220000e-008

4.500000e+000
4.933757e+000
 5.230000e-008

4.250000e+000
4.871597e+000
 5.240000e-008

4.000000e+000
4.792361e+000
 5.250000e-008

3.750000e+000
4.697601e+000
 5.260000e-008

3.500000e+000
4.588728e+000
 5.270000e-008

3.250000e+000
4.467025e+000
 5.280000e-008

3.000000e+000
4.333660e+000
 5.290000e-008

2.750000e+000
4.189690e+000
 5.300000e-008

2.500000e+000
4.036082e+000
 5.310000e-008

2.250000e+000
3.873711e+000
 5.320000e-008

2.000000e+000
3.703374e+000
 5.330000e-008

1.750000e+000
3.525794e+000
 5.340000e-008

1.500000e+000
3.341631e+000
 5.350000e-008

1.250000e+000
3.151483e+000
 5.360000e-008

1.000000e+000
2.955894e+000
 5.370000e-008

7.500000e-001
2.755358e+000
 5.380000e-008

5.000000e-001
2.550325e+000
 5.390000e-008

2.500000e-001
2.341205e+000
 5.400000e-008

0.000000e+000
2.128368e+000
 5.410000e-008

0.000000e+000
1.934880e+000
 5.420000e-008

0.000000e+000
1.758982e+000
 5.430000e-008

0.000000e+000
1.599074e+000
 5.440000e-008

0.000000e+000
1.453704e+000
 5.450000e-008

0.000000e+000
1.321549e+000
 5.460000e-008

0.000000e+000
1.201408e+000
 5.470000e-008

0.000000e+000
1.092189e+000
 5.480000e-008

0.000000e+000
9.928994e-001
 5.490000e-008

0.000000e+000
9.026358e-001
 5.500000e-008

0.000000e+000
8.205780e-001
 5.510000e-008

0.000000e+000
7.459800e-001
 5.520000e-008

0.000000e+000
6.781636e-001
 5.530000e-008

0.000000e+000
6.165124e-001
 5.540000e-008

0.000000e+000
5.604658e-001
 5.550000e-008

0.000000e+000
5.095144e-001
 5.560000e-008

0.000000e+000
4.631949e-001
 5.570000e-008

0.000000e+000
4.210863e-001
 5.580000e-008

0.000000e+000
3.828057e-001
 5.590000e-008

0.000000e+000
3.480052e-001
 5.600000e-008

0.000000e+000
3.163683e-001
 5.610000e-008

0.000000e+000
2.876076e-001
 5.620000e-008

0.000000e+000
2.614614e-001
 5.630000e-008

0.000000e+000
2.376922e-001
 5.640000e-008

0.000000e+000
2.160838e-001
 5.650000e-008

0.000000e+000
1.964398e-001
 5.660000e-008

0.000000e+000
1.785817e-001
 5.670000e-008

0.000000e+000
1.623470e-001
 5.680000e-008

0.000000e+000
1.475882e-001
 5.690000e-008

0.000000e+000
1.341711e-001
 5.700000e-008

0.000000e+000
1.219737e-001
 5.710000e-008

0.000000e+000
1.108852e-001
 5.720000e-008

0.000000e+000
1.008047e-001
 5.730000e-008

0.000000e+000
9.164064e-002
 5.740000e-008

0.000000e+000
8.330967e-002
 5.750000e-008

0.000000e+000
7.573606e-002
 5.760000e-008

0.000000e+000
6.885097e-002
 5.770000e-008

0.000000e+000
6.259179e-002
 5.780000e-008

0.000000e+000
5.690163e-002
 5.790000e-008

0.000000e+000
5.172875e-002
 5.800000e-008

0.000000e+000
4.702614e-002
 5.810000e-008

0.000000e+000
4.275103e-002
 5.820000e-008

0.000000e+000
3.886458e-002
 5.830000e-008

0.000000e+000
3.533143e-002
 5.840000e-008

0.000000e+000
3.211948e-002
 5.850000e-008

0.000000e+000
2.919953e-002
 5.860000e-008

0.000000e+000
2.654503e-002
 5.870000e-008

0.000000e+000
2.413184e-002
 5.880000e-008

0.000000e+000
2.193804e-002
 5.890000e-008

0.000000e+000
1.994367e-002
 5.900000e-008

0.000000e+000
1.813061e-002
 5.910000e-008

0.000000e+000
1.648237e-002
 5.920000e-008

0.000000e+000
1.498398e-002
 5.930000e-008

0.000000e+000
1.362180e-002
 5.940000e-008

0.000000e+000
1.238345e-002
 5.950000e-008

0.000000e+000
1.125768e-002
 5.960000e-008

0.000000e+000
1.023426e-002
 5.970000e-008

0.000000e+000
9.303871e-003
 5.980000e-008

0.000000e+000
8.458064e-003
 5.990000e-008

0.000000e+000
7.689149e-003
 6.000000e-008

8.106370e-013
6.990136e-003
 6.010000e-008

2.500000e-001
2.908194e-002
 6.020000e-008

5.000000e-001
7.189267e-002
 6.030000e-008

7.500000e-001
1.335388e-001
 6.040000e-008

1.000000e+000
2.123080e-001
 6.050000e-008

1.250000e+000
3.066436e-001
 6.060000e-008

1.500000e+000
4.151306e-001
 6.070000e-008

1.750000e+000
5.364823e-001
 6.080000e-008

2.000000e+000
6.695294e-001
 6.090000e-008

2.250000e+000
8.132085e-001
 6.100000e-008

2.500000e+000
9.665532e-001
 6.110000e-008

2.750000e+000
1.128685e+000
 6.120000e-008

3.000000e+000
1.298804e+000
 6.130000e-008

3.250000e+000
1.476186e+000
 6.140000e-008

3.500000e+000
1.660169e+000
 6.150000e-008

3.750000e+000
1.850154e+000
 6.160000e-008

4.000000e+000
2.045594e+000
 6.170000e-008

4.250000e+000
2.245995e+000
 6.180000e-008

4.500000e+000
2.450904e+000
 6.190000e-008

4.750000e+000
2.659913e+000
 6.200000e-008

5.000000e+000
2.872648e+000
 6.210000e-008

5.000000e+000
3.066044e+000
 6.220000e-008

5.000000e+000
3.241858e+000
 6.230000e-008

5.000000e+000
3.401689e+000
 6.240000e-008

5.000000e+000
3.546990e+000
 6.250000e-008

5.000000e+000
3.679082e+000
 6.260000e-008

5.000000e+000
3.799165e+000
 6.270000e-008

5.000000e+000
3.908332e+000
 6.280000e-008

5.000000e+000
4.007575e+000
 6.290000e-008

5.000000e+000
4.097795e+000
 6.300000e-008

5.000000e+000
4.179814e+000
 6.310000e-008

5.000000e+000
4.254376e+000
 6.320000e-008

5.000000e+000
4.322160e+000
 6.330000e-008

5.000000e+000
4.383782e+000
 6.340000e-008

5.000000e+000
4.439802e+000
 6.350000e-008

5.000000e+000
4.490729e+000
 6.360000e-008

5.000000e+000
4.537026e+000
 6.370000e-008

5.000000e+000
4.579115e+000
 6.380000e-008

5.000000e+000
4.617377e+000
 6.390000e-008

5.000000e+000
4.652161e+000
 6.400000e-008

5.000000e+000
4.683783e+000
 6.410000e-008

5.000000e+000
4.712530e+000
 6.420000e-008

5.000000e+000
4.738663e+000
 6.430000e-008

5.000000e+000
4.762421e+000
 6.440000e-008

5.000000e+000
4.784019e+000
 6.450000e-008

5.000000e+000
4.803654e+000
 6.460000e-008

5.000000e+000
4.821504e+000
 6.470000e-008

5.000000e+000
4.837731e+000
 6.480000e-008

5.000000e+000
4.852482e+000
 6.490000e-008

5.000000e+000
4.865893e+000
 6.500000e-008

5.000000e+000
4.878085e+000
 6.510000e-008

5.000000e+000
4.889168e+000
 6.520000e-008

5.000000e+000
4.899243e+000
 6.530000e-008

5.000000e+000
4.908403e+000
 6.540000e-008

5.000000e+000
4.916730e+000
 6.550000e-008

5.000000e+000
4.924300e+000
 6.560000e-008

5.000000e+000
4.931182e+000
 6.570000e-008

5.000000e+000
4.937438e+000
 6.580000e-008

5.000000e+000
4.943126e+000
 6.590000e-008

5.000000e+000
4.948296e+000
 6.600000e-008

5.000000e+000
4.952996e+000
 6.610000e-008

5.000000e+000
4.957269e+000
 6.620000e-008

5.000000e+000
4.961154e+000
 6.630000e-008

5.000000e+000
4.964685e+000
 6.640000e-008

5.000000e+000
4.967896e+000
 6.650000e-008

5.000000e+000
4.970814e+000
 6.660000e-008

5.000000e+000
4.973468e+000
 6.670000e-008

5.000000e+000
4.975880e+000
 6.680000e-008

5.000000e+000
4.978072e+000
 6.690000e-008

5.000000e+000
4.980066e+000
 6.700000e-008

5.000000e+000
4.981878e+000
 6.710000e-008

5.000000e+000
4.983525e+000
 6.720000e-008

5.000000e+000
4.985023e+000
 6.730000e-008

5.000000e+000
4.986385e+000
 6.740000e-008

5.000000e+000
4.987622e+000
 6.750000e-008

5.000000e+000
4.988748e+000
 6.760000e-008

5.000000e+000
4.989771e+000
 6.770000e-008

5.000000e+000
4.990701e+000
 6.780000e-008

5.000000e+000
4.991546e+000
 6.790000e-008

5.000000e+000
4.992315e+000
 6.800000e-008

5.000000e+000
4.993013e+000
 6.810000e-008

5.000000e+000
4.993648e+000
 6.820000e-008

5.000000e+000
4.994226e+000
 6.830000e-008

5.000000e+000
4.994751e+000
 6.840000e-008

5.000000e+000
4.995228e+000
 6.850000e-008

5.000000e+000
4.995662e+000
 6.860000e-008

5.000000e+000
4.996056e+000
 6.870000e-008

5.000000e+000
4.996415e+000
 6.880000e-008

5.000000e+000
4.996741e+000
 6.890000e-008

5.000000e+000
4.997037e+000
 6.900000e-008

5.000000e+000
4.997306e+000
 6.910000e-008

5.000000e+000
4.997551e+000
 6.920000e-008

5.000000e+000
4.997774e+000
 6.930000e-008

5.000000e+000
4.997976e+000
 6.940000e-008

5.000000e+000
4.998160e+000
 6.950000e-008

5.000000e+000
4.998327e+000
 6.960000e-008

5.000000e+000
4.998479e+000
 6.970000e-008

5.000000e+000
4.998618e+000
 6.980000e-008

5.000000e+000
4.998743e+000
 6.990000e-008

5.000000e+000
4.998858e+000
 7.000000e-008

5.000000e+000
4.998961e+000
 7.010000e-008

5.000000e+000
4.999056e+000
 7.020000e-008

5.000000e+000
4.999142e+000
 7.030000e-008

5.000000e+000
4.999220e+000
 7.040000e-008

5.000000e+000
4.999291e+000
 7.050000e-008

5.000000e+000
4.999355e+000
 7.060000e-008

5.000000e+000
4.999414e+000
 7.070000e-008

5.000000e+000
4.999467e+000
 7.080000e-008

5.000000e+000
4.999516e+000
 7.090000e-008

5.000000e+000
4.999560e+000
 7.100000e-008

5.000000e+000
4.999600e+000
 7.110000e-008

5.000000e+000
4.999636e+000
 7.120000e-008

5.000000e+000
4.999669e+000
 7.130000e-008

5.000000e+000
4.999699e+000
 7.140000e-008

5.000000e+000
4.999727e+000
 7.150000e-008

5.000000e+000
4.999751e+000
 7.160000e-008

5.000000e+000
4.999774e+000
 7.170000e-008

5.000000e+000
4.999795e+000
 7.180000e-008

5.000000e+000
4.999813e+000
 7.190000e-008

5.000000e+000
4.999830e+000
 7.200000e-008

5.000000e+000
4.999846e+000
 7.210000e-008

4.750000e+000
4.977132e+000
 7.220000e-008

4.500000e+000
4.933757e+000
 7.230000e-008

4.250000e+000
4.871597e+000
 7.240000e-008

4.000000e+000
4.792361e+000
 7.250000e-008

3.750000e+000
4.697601e+000
 7.260000e-008

3.500000e+000
4.588728e+000
 7.270000e-008

3.250000e+000
4.467025e+000
 7.280000e-008

3.000000e+000
4.333660e+000
 7.290000e-008

2.750000e+000
4.189690e+000
 7.300000e-008

2.500000e+000
4.036082e+000
 7.310000e-008

2.250000e+000
3.873711e+000
 7.320000e-008

2.000000e+000
3.703374e+000
 7.330000e-008

1.750000e+000
3.525794e+000
 7.340000e-008

1.500000e+000
3.341631e+000
 7.350000e-008

1.250000e+000
3.151483e+000
 7.360000e-008

1.000000e+000
2.955894e+000
 7.370000e-008

7.500000e-001
2.755358e+000
 7.380000e-008

5.000000e-001
2.550325e+000
 7.390000e-008

2.500000e-001
2.341205e+000
 7.400000e-008

1.191935e-012
2.128368e+000
 7.410000e-008

0.000000e+000
1.934880e+000
 7.420000e-008

0.000000e+000
1.758982e+000
 7.430000e-008

0.000000e+000
1.599074e+000
 7.440000e-008

0.000000e+000
1.453704e+000
 7.450000e-008

0.000000e+000
1.321549e+000
 7.460000e-008

0.000000e+000
1.201408e+000
 7.470000e-008

0.000000e+000
1.092189e+000
 7.480000e-008

0.000000e+000
9.928994e-001
 7.490000e-008

0.000000e+000
9.026358e-001
 7.500000e-008

0.000000e+000
8.205780e-001
 7.510000e-008

0.000000e+000
7.459800e-001
 7.520000e-008

0.000000e+000
6.781636e-001
 7.530000e-008

0.000000e+000
6.165124e-001
 7.540000e-008

0.000000e+000
5.604658e-001
 7.550000e-008

0.000000e+000
5.095144e-001
 7.560000e-008

0.000000e+000
4.631949e-001
 7.570000e-008

0.000000e+000
4.210863e-001
 7.580000e-008

0.000000e+000
3.828057e-001
 7.590000e-008

0.000000e+000
3.480052e-001
 7.600000e-008

0.000000e+000
3.163683e-001
 7.610000e-008

0.000000e+000
2.876076e-001
 7.620000e-008

0.000000e+000
2.614614e-001
 7.630000e-008

0.000000e+000
2.376922e-001
 7.640000e-008

0.000000e+000
2.160838e-001
 7.650000e-008

0.000000e+000
1.964398e-001
 7.660000e-008

0.000000e+000
1.785817e-001
 7.670000e-008

0.000000e+000
1.623470e-001
 7.680000e-008

0.000000e+000
1.475882e-001
 7.690000e-008

0.000000e+000
1.341711e-001
 7.700000e-008

0.000000e+000
1.219737e-001
 7.710000e-008

0.000000e+000
1.108852e-001
 7.720000e-008

0.000000e+000
1.008047e-001
 7.730000e-008

0.000000e+000
9.164064e-002
 7.740000e-008

0.000000e+000
8.330967e-002
 7.750000e-008

0.000000e+000
7.573606e-002
 7.760000e-008

0.000000e+000
6.885097e-002
 7.770000e-008

0.000000e+000
6.259179e-002
 7.780000e-008

0.000000e+000
5.690163e-002
 7.790000e-008

0.000000e+000
5.172875e-002
 7.800000e-008

0.000000e+000
4.702614e-002
 7.810000e-008

0.000000e+000
4.275103e-002
 7.820000e-008

0.000000e+000
3.886458e-002
 7.830000e-008

0.000000e+000
3.533143e-002
 7.840000e-008

0.000000e+000
3.211948e-002
 7.850000e-008

0.000000e+000
2.919953e-002
 7.860000e-008

0.000000e+000
2.654503e-002
 7.870000e-008

0.000000e+000
2.413184e-002
 7.880000e-008

0.000000e+000
2.193804e-002
 7.890000e-008

0.000000e+000
1.994367e-002
 7.900000e-008

0.000000e+000
1.813061e-002
 7.910000e-008

0.000000e+000
1.648237e-002
 7.920000e-008

0.000000e+000
1.498398e-002
 7.930000e-008

0.000000e+000
1.362180e-002
 7.940000e-008

0.000000e+000
1.238345e-002
 7.950000e-008

0.000000e+000
1.125768e-002
 7.960000e-008

0.000000e+000
1.023426e-002
 7.970000e-008

0.000000e+000
9.303871e-003
 7.980000e-008

0.000000e+000
8.458064e-003
 7.990000e-008

0.000000e+000
7.689149e-003
 8.000000e-008

0.000000e+000
6.990136e-003
 8.010000e-008

2.500000e-001
2.908194e-002
 8.020000e-008

5.000000e-001
7.189267e-002
 8.030000e-008

7.500000e-001
1.335388e-001
 8.040000e-008

1.000000e+000
2.123080e-001
 8.050000e-008

1.250000e+000
3.066436e-001
 8.060000e-008

1.500000e+000
4.151306e-001
 8.070000e-008

1.750000e+000
5.364823e-001
 8.080000e-008

2.000000e+000
6.695294e-001
 8.090000e-008

2.250000e+000
8.132085e-001
 8.100000e-008

2.500000e+000
9.665532e-001
 8.110000e-008

2.750000e+000
1.128685e+000
 8.120000e-008

3.000000e+000
1.298804e+000
 8.130000e-008

3.250000e+000
1.476186e+000
 8.140000e-008

3.500000e+000
1.660169e+000
 8.150000e-008

3.750000e+000
1.850154e+000
 8.160000e-008

4.000000e+000
2.045594e+000
 8.170000e-008

4.250000e+000
2.245995e+000
 8.180000e-008

4.500000e+000
2.450904e+000
 8.190000e-008

4.750000e+000
2.659913e+000
 8.200000e-008

5.000000e+000
2.872648e+000
 8.210000e-008

5.000000e+000
3.066044e+000
 8.220000e-008

5.000000e+000
3.241858e+000
 8.230000e-008

5.000000e+000
3.401689e+000
 8.240000e-008

5.000000e+000
3.546990e+000
 8.250000e-008

5.000000e+000
3.679082e+000
 8.260000e-008

5.000000e+000
3.799165e+000
 8.270000e-008

5.000000e+000
3.908332e+000
 8.280000e-008

5.000000e+000
4.007575e+000
 8.290000e-008

5.000000e+000
4.097795e+000
 8.300000e-008

5.000000e+000
4.179814e+000
 8.310000e-008

5.000000e+000
4.254376e+000
 8.320000e-008

5.000000e+000
4.322160e+000
 8.330000e-008

5.000000e+000
4.383782e+000
 8.340000e-008

5.000000e+000
4.439802e+000
 8.350000e-008

5.000000e+000
4.490729e+000
 8.360000e-008

5.000000e+000
4.537026e+000
 8.370000e-008

5.000000e+000
4.579115e+000
 8.380000e-008

5.000000e+000
4.617377e+000
 8.390000e-008

5.000000e+000
4.652161e+000
 8.400000e-008

5.000000e+000
4.683783e+000
 8.410000e-008

5.000000e+000
4.712530e+000
 8.420000e-008

5.000000e+000
4.738663e+000
 8.430000e-008

5.000000e+000
4.762421e+000
 8.440000e-008

5.000000e+000
4.784019e+000
 8.450000e-008

5.000000e+000
4.803654e+000
 8.460000e-008

5.000000e+000
4.821504e+000
 8.470000e-008

5.000000e+000
4.837731e+000
 8.480000e-008

5.000000e+000
4.852482e+000
 8.490000e-008

5.000000e+000
4.865893e+000
 8.500000e-008

5.000000e+000
4.878085e+000
 8.510000e-008

5.000000e+000
4.889168e+000
 8.520000e-008

5.000000e+000
4.899243e+000
 8.530000e-008

5.000000e+000
4.908403e+000
 8.540000e-008

5.000000e+000
4.916730e+000
 8.550000e-008

5.000000e+000
4.924300e+000
 8.560000e-008

5.000000e+000
4.931182e+000
 8.570000e-008

5.000000e+000
4.937438e+000
 8.580000e-008

5.000000e+000
4.943126e+000
 8.590000e-008

5.000000e+000
4.948296e+000
 8.600000e-008

5.000000e+000
4.952996e+000
 8.610000e-008

5.000000e+000
4.957269e+000
 8.620000e-008

5.000000e+000
4.961154e+000
 8.630000e-008

5.000000e+000
4.964685e+000
 8.640000e-008

5.000000e+000
4.967896e+000
 8.650000e-008

5.000000e+000
4.970814e+000
 8.660000e-008

5.000000e+000
4.973468e+000
 8.670000e-008

5.000000e+000
4.975880e+000
 8.680000e-008

5.000000e+000
4.978072e+000
 8.690000e-008

5.000000e+000
4.980066e+000
 8.700000e-008

5.000000e+000
4.981878e+000
 8.710000e-008

5.000000e+000
4.983525e+000
 8.720000e-008

5.000000e+000
4.985023e+000
 8.730000e-008

5.000000e+000
4.986385e+000
 8.740000e-008

5.000000e+000
4.987622e+000
 8.750000e-008

5.000000e+000
4.988748e+000
 8.760000e-008

5.000000e+000
4.989771e+000
 8.770000e-008

5.000000e+000
4.990701e+000
 8.780000e-008

5.000000e+000
4.991546e+000
 8.790000e-008

5.000000e+000
4.992315e+000
 8.800000e-008

5.000000e+000
4.993013e+000
 8.810000e-008

5.000000e+000
4.993648e+000
 8.820000e-008

5.000000e+000
4.994226e+000
 8.830000e-008

5.000000e+000
4.994751e+000
 8.840000e-008

5.000000e+000
4.995228e+000
 8.850000e-008

5.000000e+000
4.995662e+000
 8.860000e-008

5.000000e+000
4.996056e+000
 8.870000e-008

5.000000e+000
4.996415e+000
 8.880000e-008

5.000000e+000
4.996741e+000
 8.890000e-008

5.000000e+000
4.997037e+000
 8.900000e-008

5.000000e+000
4.997306e+000
 8.910000e-008

5.000000e+000
4.997551e+000
 8.920000e-008

5.000000e+000
4.997774e+000
 8.930000e-008

5.000000e+000
4.997976e+000
 8.940000e-008

5.000000e+000
4.998160e+000
 8.950000e-008

5.000000e+000
4.998327e+000
 8.960000e-008

5.000000e+000
4.998479e+000
 8.970000e-008

5.000000e+000
4.998618e+000
 8.980000e-008

5.000000e+000
4.998743e+000
 8.990000e-008

5.000000e+000
4.998858e+000
 9.000000e-008

5.000000e+000
4.998961e+000
 9.010000e-008

5.000000e+000
4.999056e+000
 9.020000e-008

5.000000e+000
4.999142e+000
 9.030000e-008

5.000000e+000
4.999220e+000
 9.040000e-008

5.000000e+000
4.999291e+000
 9.050000e-008

5.000000e+000
4.999355e+000
 9.060000e-008

5.000000e+000
4.999414e+000
 9.070000e-008

5.000000e+000
4.999467e+000
 9.080000e-008

5.000000e+000
4.999516e+000
 9.090000e-008

5.000000e+000
4.999560e+000
 9.100000e-008

5.000000e+000
4.999600e+000
 9.110000e-008

5.000000e+000
4.999636e+000
 9.120000e-008

5.000000e+000
4.999669e+000
 9.130000e-008

5.000000e+000
4.999699e+000
 9.140000e-008

5.000000e+000
4.999727e+000
 9.150000e-008

5.000000e+000
4.999751e+000
 9.160000e-008

5.000000e+000
4.999774e+000
 9.170000e-008

5.000000e+000
4.999795e+000
 9.180000e-008

5.000000e+000
4.999813e+000
 9.190000e-008

5.000000e+000
4.999830e+000
 9.200000e-008

5.000000e+000
4.999846e+000
 9.210000e-008

4.750000e+000
4.977132e+000
 9.220000e-008

4.500000e+000
4.933757e+000
 9.230000e-008

4.250000e+000
4.871597e+000
 9.240000e-008

4.000000e+000
4.792361e+000
 9.250000e-008

3.750000e+000
4.697601e+000
 9.260000e-008

3.500000e+000
4.588728e+000
 9.270000e-008

3.250000e+000
4.467025e+000
 9.280000e-008

3.000000e+000
4.333660e+000
 9.290000e-008

2.750000e+000
4.189690e+000
 9.300000e-008

2.500000e+000
4.036082e+000
 9.310000e-008

2.250000e+000
3.873711e+000
 9.320000e-008

2.000000e+000
3.703374e+000
 9.330000e-008

1.750000e+000
3.525794e+000
 9.340000e-008

1.500000e+000
3.341631e+000
 9.350000e-008

1.250000e+000
3.151483e+000
 9.360000e-008

1.000000e+000
2.955894e+000
 9.370000e-008

7.500000e-001
2.755358e+000
 9.380000e-008

5.000000e-001
2.550325e+000
 9.390000e-008

2.500000e-001
2.341205e+000
 9.400000e-008

4.037659e-012
2.128368e+000
 9.410000e-008

0.000000e+000
1.934880e+000
 9.420000e-008

0.000000e+000
1.758982e+000
 9.430000e-008

0.000000e+000
1.599074e+000
 9.440000e-008

0.000000e+000
1.453704e+000
 9.450000e-008

0.000000e+000
1.321549e+000
 9.460000e-008

0.000000e+000
1.201408e+000
 9.470000e-008

0.000000e+000
1.092189e+000
 9.480000e-008

0.000000e+000
9.928994e-001
 9.490000e-008

0.000000e+000
9.026358e-001
 9.500000e-008

0.000000e+000
8.205780e-001
 9.510000e-008

0.000000e+000
7.459800e-001
 9.520000e-008

0.000000e+000
6.781636e-001
 9.530000e-008

0.000000e+000
6.165124e-001
 9.540000e-008

0.000000e+000
5.604658e-001
 9.550000e-008

0.000000e+000
5.095144e-001
 9.560000e-008

0.000000e+000
4.631949e-001
 9.570000e-008

0.000000e+000
4.210863e-001
 9.580000e-008

0.000000e+000
3.828057e-001
 9.590000e-008

0.000000e+000
3.480052e-001
 9.600000e-008

0.000000e+000
3.163683e-001
 9.610000e-008

0.000000e+000
2.876076e-001
 9.620000e-008

0.000000e+000
2.614614e-001
 9.630000e-008

0.000000e+000
2.376922e-001
 9.640000e-008

0.000000e+000
2.160838e-001
 9.650000e-008

0.000000e+000
1.964398e-001
 9.660000e-008

0.000000e+000
1.785817e-001
 9.670000e-008

0.000000e+000
1.623470e-001
 9.680000e-008

0.000000e+000
1.475882e-001
 9.690000e-008

0.000000e+000
1.341711e-001
 9.700000e-008

0.000000e+000
1.219737e-001
 9.710000e-008

0.000000e+000
1.108852e-001
 9.720000e-008

0.000000e+000
1.008047e-001
 9.730000e-008

0.000000e+000
9.164064e-002
 9.740000e-008

0.000000e+000
8.330967e-002
 9.750000e-008

0.000000e+000
7.573606e-002
 9.760000e-008

0.000000e+000
6.885097e-002
 9.770000e-008

0.000000e+000
6.259179e-002
 9.780000e-008

0.000000e+000
5.690163e-002
 9.790000e-008

0.000000e+000
5.172875e-002
 9.800000e-008

0.000000e+000
4.702614e-002
 9.810000e-008

0.000000e+000
4.275103e-002
 9.820000e-008

0.000000e+000
3.886458e-002
 9.830000e-008

0.000000e+000
3.533143e-002
 9.840000e-008

0.000000e+000
3.211948e-002
 9.850000e-008

0.000000e+000
2.919953e-002
 9.860000e-008

0.000000e+000
2.654503e-002
 9.870000e-008

0.000000e+000
2.413184e-002
 9.880000e-008

0.000000e+000
2.193804e-002
 9.890000e-008

0.000000e+000
1.994367e-002
 9.900000e-008

0.000000e+000
1.813061e-002
 9.910000e-008

0.000000e+000
1.648237e-002
 9.920000e-008

0.000000e+000
1.498398e-002
 9.930000e-008

0.000000e+000
1.362180e-002
 9.940000e-008

0.000000e+000
1.238345e-002
 9.950000e-008

0.000000e+000
1.125768e-002
 9.960000e-008

0.000000e+000
1.023426e-002
 9.970000e-008

0.000000e+000
9.303871e-003
 9.980000e-008

0.000000e+000
8.458064e-003
 9.990000e-008

0.000000e+000
7.689149e-003
 1.000000e-007

0.000000e+000
6.990136e-003
